40 64367
574758 111552
882452 19480
230057 31917
623221 18223
785788 118163
397294 59389
397798 117931
953050 118277
545915 37067
777911 3917
623374 59788
753117 44828
355939 79399
850057 49527
341909 22914
32816 50308
389651 110818
664509 15072
290901 10278
162342 67518
588141 97807
517978 71317
55681 60122
780044 65078
620220 125727
653934 39109
180622 47698
844114 113091
540553 113906
974298 18336
165429 76686
545390 102746
474992 50925
679359 17584
540630 109015
473619 121062
651243 59797
58032 125575
976096 128434
227825 92670
