40 37964
772382 15257
353368 58442
510207 3136
897512 18138
46869 5191
786405 49100
27530 23032
338441 18737
391084 36734
580695 46442
753896 73259
37368 50663
559677 15499
346186 35621
883373 33688
709765 66886
610039 2616
129242 22827
148289 74683
507655 70959
496475 33010
53485 40483
800863 75518
395716 43592
764556 61231
141570 58312
157180 63038
919763 46335
115266 41737
159735 46013
61203 8016
414376 55520
987745 22376
328517 61729
905410 18323
572676 1226
902630 53140
929992 48994
649101 34248
771937 58182
