40 90361
850237 141654
925318 45706
135886 40580
99651 3992
685843 118208
968396 145180
132779 36285
67625 180412
565973 64425
383775 10355
70624 83945
437041 140344
327404 144217
128679 66253
175614 76926
357998 177306
338142 67973
587631 123036
530540 141847
993068 21437
750995 154701
713899 70905
396778 142997
169081 146610
21518 27276
720818 15031
390856 58701
50463 93596
170670 91536
818985 119345
716121 65827
180294 62614
202247 172526
116425 5328
857186 71592
787312 98313
141187 129640
162077 67027
938164 47410
956805 46593
