40 58074
490770 107014
318545 46840
974588 93587
675877 13665
109379 53076
839482 137475
435369 42343
26215 56059
722958 3531
350242 14745
649778 105441
808844 14155
512832 77048
49270 85333
635752 16242
359215 8717
930552 70698
450491 56638
892819 85273
94420 18317
769762 42829
639313 85789
955880 94252
516229 5836
272620 57684
521922 36158
314590 55688
550807 29820
531886 1998
409762 104199
313190 1353
542417 93553
578380 76345
571871 92241
24985 78967
334447 99790
531028 7756
639152 14440
609205 76106
112403 66527
