40 17588
648893 18365
176930 11662
86618 19778
702761 330
864107 6518
957284 14505
542459 34287
544957 14964
445054 31510
777449 2863
353329 31423
726417 10356
542273 32335
402297 4575
198730 15466
477531 29884
89641 12213
86336 19072
229311 10966
361188 34662
544804 6594
378380 1338
371856 4155
133684 31852
558331 28255
499153 24139
434034 22964
36573 5662
654447 30541
612874 20097
769319 34778
224479 10888
667812 12048
765092 9143
27334 22097
426562 10426
192170 31034
292309 30934
137768 24919
395079 19738
