40 96167
323585 187184
128843 173412
496069 183801
691648 164170
909237 187948
183884 99924
453087 111421
620229 27635
259110 164799
73088 154334
526297 185083
452418 125720
420210 77085
579459 77420
933926 25746
780491 177984
2755 144196
790635 69535
970603 106145
708742 28632
42359 184726
64241 76496
50988 162112
839386 136967
956258 50988
9636 39966
553776 175579
812488 10559
305940 85697
582150 360339
431542 9124
381056 143152
578911 153089
569978 80362
744925 142969
852363 8541
330361 13365
415004 50886
637138 125952
799054 86446
