40 95428
655999 47572
593458 66285
694384 22086
282037 175733
503743 127811
927046 167921
626471 25504
456732 47813
179937 38031
152138 189193
772536 78427
115596 33536
198921 156251
135724 156814
370427 13979
354876 111632
509910 120312
279063 64612
994193 84126
126853 158950
141143 174943
456647 62979
784696 119531
408820 840
746083 9040
402899 39544
907658 29970
577651 31698
296776 35216
274018 56338
749926 138512
107683 134323
461939 142662
987786 41460
599085 50752
145817 94212
898483 165032
416025 59585
99265 67657
974621 125777
