40 73290
993866 10279
114811 75924
750350 862
835072 44065
644804 57465
603015 39473
550370 8210
277542 95627
690999 9352
387970 35162
542094 38252
968253 85081
890546 124690
326110 49636
377745 17488
20356 54951
546699 105461
681864 113511
105361 9271
461867 98399
845516 56601
335583 135431
147654 13090
153721 46696
622917 70385
494053 55128
870438 16618
517853 34254
838497 115244
678296 78441
379407 4019
456138 105673
180156 138025
838215 42529
481181 83247
807100 7107
448842 99007
222305 61903
230478 82784
153805 89077
