40 28536
618496 24883
426169 30364
459411 2545
544535 47197
544401 40097
868458 8899
757196 17289
581933 51072
785905 16162
134277 18819
129992 5177
41883 46223
792163 47270
5855 39016
454693 29550
809583 1398
982460 36218
215003 252
991444 36827
782311 26216
134211 23672
851077 31333
534214 31661
505608 53147
904097 15263
167253 53745
535084 4136
302474 56370
734364 52256
220454 6618
341923 13669
691245 52664
238344 1197
288609 38323
167390 8853
852337 2359
133459 18991
679901 20512
857765 44422
421459 20183
