40 27871
242819 12312
210859 36837
322754 45943
709249 42786
39004 25647
630850 41146
158092 22283
613665 51232
511039 30440
292210 10508
666983 30032
885719 47098
987667 31461
137894 38445
215349 42050
821557 40680
901257 40248
78927 18398
562505 19269
652298 37026
250012 30880
427704 27753
536422 42871
113610 13331
856966 45033
914628 23198
933469 31210
125455 51899
635329 9178
488189 29387
9793 28036
304427 50524
121674 39247
607234 43086
408159 24775
522541 9063
245792 1571
288471 8527
909293 26973
979236 6910
