40 61886
580677 93612
688152 82508
235972 42416
620494 97698
512403 102526
894121 1161
67898 12109
885827 15390
559042 66127
636607 62879
148271 123762
749976 73295
399113 35099
879298 66252
97815 119008
222301 110007
391774 10079
693047 118863
118087 10622
334675 112228
813749 118736
340323 102245
454585 110066
341079 59827
488451 40623
86368 123379
159414 65815
983873 18884
668330 38800
605045 59450
362715 72301
424285 75414
903179 44617
550853 25189
447249 38687
337648 71827
539075 108944
579491 67772
96187 32626
532496 44838
