40 40056
791682 16751
754792 13607
164963 19505
794668 31258
105681 15078
236581 61902
722537 1074
721971 8005
116958 14785
753139 66331
400352 8835
628385 68266
560630 12470
322989 76753
174951 36977
976190 11116
660559 64314
155358 44149
869101 68195
204815 66404
580239 51715
170800 13100
181412 54626
181049 36980
977325 32039
693483 2007
538681 19934
918647 28048
474099 5269
170073 73081
17894 13273
718003 48859
693931 66735
301028 73437
199942 112013
558151 35275
735002 71015
421820 10040
872460 60173
653047 880
