40 71753
103530 35738
553881 81215
948180 105331
279227 12854
383053 9618
649017 54050
510470 6139
319051 69190
347816 36530
585530 39148
129382 21710
903409 99335
968992 16009
860087 88182
474697 7315
904846 136280
523612 28980
861391 72082
573544 67769
188886 74013
743472 11061
898893 110603
612665 3403
455741 93771
726425 94990
726979 129024
129397 142646
758852 66136
462014 26652
504669 86237
929951 49283
645402 91879
886409 84401
136388 31194
394714 80399
495205 103704
395481 125726
271524 9494
173930 94344
687132 77742
