40 38488
383751 15927
14487 32701
233942 18225
613382 54396
657100 120166
270433 65574
223598 60875
794530 54918
106249 39417
92961 2231
972170 20080
268521 53566
40683 65387
859355 76223
797040 75252
318419 51993
642188 62190
750161 65639
858594 42714
707907 25935
93016 41388
903447 57909
123169 40003
38545 13483
628397 46271
904510 50538
355044 46451
585416 72126
714439 66096
669873 28482
657664 20759
472784 20819
190284 9653
636630 16110
672157 45851
850633 27951
718651 13401
179547 17575
574709 21789
445643 75384
