40 61029
404102 2264
371518 35779
549217 118285
118128 64021
799091 76923
730830 295
802213 94318
933262 52052
738469 45479
348550 102216
699275 564
350641 41602
700129 104503
74057 112551
544344 12964
458337 64960
60719 117993
324533 85950
613817 15188
34781 59858
503160 112249
985279 19027
212477 1384
512567 8286
481168 82155
915014 5205
233792 65349
989121 69057
334529 96262
752230 206445
242941 71611
543481 86774
440972 76167
892287 27460
545315 14811
50405 73414
821935 4588
947110 87716
910293 97302
639832 39431
