40 55877
195764 65962
346369 62560
361303 82390
422658 78756
166136 12582
591297 63490
913074 29176
20437 31802
792496 109337
493560 42539
214458 3547
77598 91013
255100 38962
364245 72895
544381 63361
632860 27899
454054 71493
889048 83119
92473 100400
432880 108497
638171 72774
645180 44068
582888 104632
610231 87533
988823 37175
863671 10924
911390 50856
100594 45678
502836 51384
431910 107047
899035 85969
182428 53646
775436 44520
578469 47446
989833 99247
327503 13090
264888 20059
624982 66382
192824 54350
509320 13005
