40 75439
949302 17716
891914 237614
55094 125610
900711 38800
717906 114026
596189 59966
308529 125556
304006 150164
993653 130743
267612 93630
292320 6522
33449 18661
168725 55389
330933 100631
642130 75449
17813 40866
703091 65471
899565 100993
279682 24329
784817 21709
562236 89739
349122 6284
570046 49888
126286 98759
965584 29492
549193 84779
662688 44777
28813 108278
86304 42417
72678 14493
789542 80390
300817 32878
173998 101172
126815 120259
82163 104658
506330 93503
776115 39727
454307 418
121320 43444
95316 103501
