40 77378
711335 123011
868740 80132
864796 34162
288566 140950
422059 39994
699279 149591
781499 57591
899304 10525
234237 128257
428269 17604
571087 51128
53542 66609
286355 3032
638834 97070
852623 104908
82431 107667
732042 10738
39561 16397
909449 22242
235961 116011
385511 89462
117612 48725
442785 35893
962927 9891
22878 37858
562279 147913
163972 91693
572034 118182
132205 65088
705910 58920
851462 154482
932690 144890
80861 114927
900760 8035
729785 70803
100421 17812
158272 118169
397942 162814
410818 48326
786653 18042
