40 25191
549967 28971
836479 30901
621407 31471
574843 10885
957797 37546
278677 25240
56262 36345
311778 33433
130572 44654
591965 49464
341039 25863
859370 1801
377307 16762
931202 25093
422518 2348
423553 47879
663937 3687
679455 42355
129384 41670
735166 15785
881565 22639
352421 4541
540704 40860
71434 35450
970986 14461
530833 18941
298088 35038
12484 33756
336030 33950
374361 33971
789447 15518
690160 6842
266536 27393
738055 10317
844208 7358
76609 29527
472132 35766
433599 21292
948806 29896
322721 44554
