40 22306
505060 20718
966902 7050
667687 12220
628858 20978
778075 10630
805179 28919
966955 38881
604276 17552
616989 22038
939 29740
449168 6023
998112 17842
415295 15862
502313 43141
323623 22419
429510 38926
994559 9355
428328 11740
281588 40170
160706 31577
811594 28247
162374 37836
307556 18382
30612 39253
501062 29516
884842 4978
694082 12303
448128 34639
8557 42867
30058 8556
231943 2859
845402 17260
47861 38421
470294 15865
913512 21794
352963 35386
219231 25667
876631 4129
891724 30784
821316 25418
