40 13388
136408 12082
21025 9396
911359 12605
74426 15259
635232 2396
556179 21144
221634 11211
249778 7815
803237 12708
269940 7660
748991 12267
306187 8616
113175 19163
69119 18603
647797 21159
392524 14190
398371 5098
596991 23789
370606 1030
283265 23705
261775 13937
19522 13568
998921 16299
930339 23358
162069 21306
494312 14748
728839 376
449802 4907
56723 5139
12252 2265
608 3593
231041 24400
576431 24738
24395 20482
749210 20445
986896 15117
485558 6589
961432 17698
541209 15987
572079 18427
