40 90369
695050 53762
794094 74620
728412 33388
819746 164801
526230 84425
808324 175916
856124 78896
683890 7940
274712 145680
102999 24436
275635 95945
510916 137658
939247 135889
56484 29555
280468 38382
726340 86481
362544 142010
563352 61872
856383 83298
998752 120063
670971 137506
543665 117358
914969 36385
72429 20348
569056 23545
328789 110112
936583 75218
612268 36415
484300 76848
218163 19997
206136 96356
258986 146482
946133 158938
127824 10669
17525 59819
643241 68117
474332 68887
362009 106307
987571 41677
696500 99679
