40 31821
826987 5767
602550 25585
871816 4045
789044 16544
405694 35372
617321 21290
715149 48491
999603 1860
998386 46117
91632 43377
496881 29143
166714 26745
671904 44575
554923 20636
191420 58718
329667 59284
146112 6296
330606 36997
846199 26293
766368 44623
64003 42418
463619 61026
416335 40536
317041 18299
167946 67176
294797 36810
264352 41876
663926 29834
859158 52799
357073 22441
203720 15739
193074 27159
282764 47901
98685 1910
786697 55032
476642 2078
676161 33587
814164 28628
863089 43507
402474 27346
