40 10364
377864 12991
876673 6607
69354 2310
110076 16260
989679 35246
468553 10856
744406 6519
396762 51
733449 2521
609872 15543
546890 2493
203289 4464
708224 3698
433851 2389
941495 7958
280545 11611
895001 8682
865372 3331
180919 11518
494486 1685
872688 8516
489818 19453
328132 4510
579221 5836
422487 13134
418470 6806
509282 12005
443322 15090
638965 8942
235762 12477
703012 1909
741944 18479
88623 501
734902 17094
684803 1761
650231 5940
734130 9337
648558 10662
227447 15743
496511 14339
