40 58497
731402 21502
285651 109329
785336 101346
980161 64894
363880 97347
516038 62613
86208 80275
780499 26514
862269 63483
158255 67842
176857 89031
4987 82624
940470 49611
370328 39297
470567 84813
216405 40547
96902 60838
298015 26024
644643 10378
186686 97158
570993 22277
368335 52468
522278 77327
414583 109325
492316 91937
27176 109465
548861 116868
151302 64558
382950 58641
715685 98072
274411 49186
801633 68084
284251 109305
309860 44934
741070 29346
160655 108748
536346 3589
539122 97586
401042 99155
173268 98594
