40 43455
981122 58239
139265 55897
477915 66737
268228 19315
379995 30953
850229 21877
447859 46309
548048 72529
536825 47131
490495 21468
454981 15057
781271 23821
873694 86040
817429 24687
12246 15644
452530 50777
268505 1429
806884 32781
945912 61139
306005 74786
159432 67926
675292 5877
986547 52570
822355 4237
902275 74633
277843 15196
316467 21160
298842 82082
479776 32284
384580 499
616207 20075
147843 78468
691888 21826
947511 1414
88756 35726
895250 22577
977186 31509
525816 79168
600146 65436
126689 47237
