40 47333
540384 32398
141298 7926
991277 11675
559962 49322
751559 77082
96932 8944
631038 89539
766571 125327
872954 71181
128642 7047
604361 44710
386487 23836
211647 83938
114612 75773
966215 37209
202610 84649
911417 93931
268118 29903
583302 22305
8555 32226
605097 24
592082 46624
624599 83237
662024 61821
832674 22633
657521 58976
500994 38181
613105 34402
918542 86451
745309 19940
282964 9439
823689 89286
664171 54347
3411 626
543945 19803
304769 54533
390587 70469
161121 1123
650081 45299
255880 31236
