40 18723
559370 7005
671547 29998
603820 10776
166294 30336
183237 20214
832581 12529
626778 14598
705118 29588
392075 18555
849969 17284
832540 16383
570966 4595
505458 1991
328162 36567
773457 8368
770946 22320
957390 18219
100333 35642
138548 29156
652494 27608
84225 32339
690440 14242
405380 34480
448495 29091
998100 37001
137763 7812
892673 20044
696388 2426
570941 26525
55158 17960
674569 26945
657941 19339
531846 8008
110237 4648
643651 29154
875229 7568
129388 35481
291802 30624
426099 11248
516172 6877
