40 65338
223817 5084
871440 34845
61274 130086
366468 71234
913209 64350
785554 77085
847415 66978
874100 15556
713533 94657
4581 6257
511553 88106
72636 113538
27987 53539
354185 107794
785685 35888
541166 113699
95374 28667
898656 95693
609541 69118
776927 32293
78695 101379
172748 73194
628727 95579
956384 63223
912071 81627
934582 17107
533602 30068
771947 6322
464254 119511
744998 72960
854045 120749
64387 2204
257431 54690
845786 32849
800980 71753
442271 75635
857646 8695
16116 91673
120397 19301
221545 34564
