40 84221
398486 102937
881471 107035
925015 80545
786746 109470
540916 90468
409681 4530
528842 137699
694934 87229
408759 84568
363646 109993
993760 17067
518936 116887
506870 12347
610211 89025
588578 33363
942659 76899
426561 85195
892427 24369
97127 103631
220646 79013
62699 30368
578433 113769
593732 112095
165456 87250
356266 94180
260027 81362
348507 106953
197432 132776
677230 152033
93729 93303
848572 4358
960392 81666
973928 156179
383753 154771
364410 109793
894616 89693
272466 62620
813160 115258
814613 32995
362206 63862
