40 78972
846881 86659
826050 129682
743212 7449
511905 90565
263903 69747
186658 120244
141771 102176
285768 155269
618970 84731
485 51968
626817 6832
781379 61118
643485 95341
158040 63565
340905 43935
710650 90999
927998 154134
539616 57255
403599 150389
467855 113630
392351 148955
15563 60926
140656 43816
908039 24222
185559 133873
666812 16846
636223 113840
985987 61224
4495 78909
287868 91791
743237 57872
441481 101198
597227 85930
353622 154503
975294 116364
426166 90936
399787 175038
698681 40141
586137 3157
997044 42435
