40 57954
710104 86009
185521 63796
790073 30859
301441 2073
276312 26381
702186 77653
654622 79506
40439 82215
327526 101116
666780 105595
684968 24640
88155 74915
96465 81895
995636 94707
614596 66299
329551 19758
334601 26434
468253 91051
162805 15708
134654 111220
484070 40321
525824 47853
824986 56298
563770 86140
152555 4886
819062 23538
410289 98082
516968 100193
282704 26702
81346 109762
47895 88226
81513 69518
442596 61964
153542 46128
879587 44112
472566 113361
119502 46602
777831 7299
165551 3579
5107 65816
