40 12745
480259 13310
384954 6807
697607 3423
844339 2523
160589 10087
335389 2724
667104 14689
437602 7310
270796 22285
943847 3672
61756 12710
592141 1338
729634 8794
305445 13126
154876 6888
806684 513
644705 16121
157995 11289
905381 20836
812557 6703
710764 11060
943198 16634
460301 9653
233381 11718
934442 31006
891805 3313
767711 22637
427893 10585
495271 23351
725483 3847
897976 9096
18032 9205
856050 19280
61911 14706
255286 7809
522246 5720
922101 10837
723302 19370
61537 21214
57724 6362
