40 36567
966812 42323
157892 26125
739088 62711
490867 17592
132749 5527
521372 11852
597289 57718
990074 8011
21483 5866
892718 8791
428618 28843
967249 5925
408669 13803
244772 58730
681348 47321
551599 30276
261274 54775
302252 63238
109988 47524
348962 64087
171822 57590
956872 69297
574705 63382
788646 33348
646775 60980
693018 18924
332175 44221
214175 44612
352028 63815
276508 5533
487460 45560
683140 30382
100781 44645
611022 27348
586158 12010
119585 37602
873387 53209
251233 21505
492059 54924
430955 30567
