40 67210
76153 5594
465520 66345
879303 112146
149816 74142
479634 99589
606665 48234
414156 45002
486723 82999
788773 107524
246031 69899
907912 125388
520972 32650
978176 48383
969235 22102
728619 35615
556273 101813
570064 180351
868177 75558
400616 65366
343324 11094
399077 57716
167361 36697
439495 80593
358908 25279
961647 13756
175814 100623
296879 67894
731509 52802
95222 116980
194065 44150
825300 52111
605175 134164
913512 40260
723310 20852
104766 10567
474206 18703
803925 40586
502654 4048
476583 128240
443724 14796
