40 73845
983491 42257
700811 77772
616642 124587
90992 77661
647675 106396
218769 92737
301208 85663
552157 101577
95833 20440
499482 63765
440777 29484
163500 85153
509118 135441
600811 76847
457974 76867
152896 112086
180577 101765
532046 14481
472929 17003
420828 31826
938819 76004
546083 24070
812059 105710
460535 117301
69038 72255
197617 8541
681356 113506
456190 39590
732124 130246
807348 50950
495834 93241
90944 56810
383589 135614
985559 117552
219293 40310
184264 54199
526756 127558
654518 11094
424873 83483
586534 4115
