40 61394
402555 112222
480666 39984
294276 108732
214224 86432
110002 15656
664536 84205
570283 68473
780210 102967
466453 104725
167623 41483
37655 20752
311818 38333
74240 65214
129482 41492
867630 32079
6070 76912
935811 106853
846544 84386
210559 35436
338243 36416
47122 61457
442123 12630
935181 98900
858147 96766
840617 66093
176691 78353
80504 42113
599277 17491
254100 4463
498749 63599
965361 33183
852799 66476
31983 39109
434922 116344
614506 26238
397075 108817
434388 88533
667833 25509
130278 58088
502649 33579
