40 51737
509370 1494
822681 14140
186262 49617
724868 74746
887125 5501
379193 12844
442871 174129
213939 60736
689095 71489
228710 44550
683889 6189
161679 47039
694012 53580
895192 87060
578692 51532
577942 40970
389742 56624
452531 94497
96788 42819
909978 77473
910564 89967
900038 55335
401998 12631
48770 23685
254426 1769
267196 4111
81118 93856
141575 7556
72495 49263
92008 84858
659239 11681
628853 7022
157169 92837
757991 33817
925698 12496
871204 37419
104384 48819
777129 83212
913281 39505
872818 57556
