40 51852
499608 90687
827878 24468
17751 93361
146971 91326
22034 31319
525870 36460
214264 36843
320091 62261
906337 48653
443486 41211
559574 54458
181283 15202
504383 4312
162309 36789
586489 45671
406295 13615
780086 59904
36502 34207
186432 10675
506750 84860
948503 27073
551182 90122
100862 34430
564184 70734
252268 8740
525796 20430
844346 85241
1183 20805
751906 82305
987014 52221
480078 66175
91636 61266
156523 13634
172251 87927
48663 85344
779700 35841
767146 58556
270783 82556
12065 5633
113451 12686
