40 65330
316338 60131
700016 29482
312334 6743
779475 33664
650499 47005
484008 87424
843063 83517
318070 57925
477041 122257
345363 53095
813631 77140
569466 95282
6026 96960
319064 27802
633518 34092
781517 38696
997098 109611
395394 89506
326224 2864
708022 6688
438934 61031
708976 80584
748778 58165
758613 104033
991496 73825
222750 38815
679737 90884
279281 45384
717693 13235
535049 70360
292378 4289
745157 65877
179064 94853
970518 85575
13419 120394
265280 10957
866571 66301
717443 5199
406384 45859
655278 71240
