40 11022
642562 7993
617322 11655
670738 5159
253469 10110
982103 21118
523610 5633
866189 6214
346181 9289
162693 10037
175994 15513
550732 8777
653405 17273
592527 4400
129338 6397
791559 5970
865343 13109
709438 9216
771465 14288
959651 15723
435056 11183
764628 20296
535929 21814
761392 20258
299345 13205
614970 19755
558000 19345
4944 4972
944847 11251
286029 14720
7601 8264
199967 7191
433127 3617
793856 6391
138320 2311
414537 14355
378046 1336
135449 12754
205453 13681
349371 4395
776748 20641
