40 85597
466237 6179
453983 149279
671397 111546
361046 131761
70962 15265
69144 145177
141300 27642
942400 38975
151442 107452
99341 44812
800808 89676
464274 159983
9689 82272
514303 60546
109342 15509
9099 146190
513937 139231
940912 26973
662216 138567
854468 110185
544488 124106
202333 118192
179068 31597
767794 29976
478322 29375
333708 154343
161128 67393
443857 18594
580884 107965
887252 153373
337624 46541
863468 72792
360583 78337
776505 115219
993140 109933
554700 10437
997378 10099
36858 75470
422121 157451
803540 114796
