40 35634
383544 52929
605801 54992
674455 27929
154350 13043
682062 42590
840158 57234
758791 41171
848474 36
403985 40661
211658 40069
593889 17127
98112 56246
753936 45850
866222 31398
948238 8600
579545 12035
100849 28521
162754 50103
695753 36458
45118 61937
498444 69795
143322 19266
441429 21095
960318 60509
130549 311
27668 8818
996272 20066
773370 46230
440023 18782
908999 38403
774367 59312
810073 14654
600920 40710
346855 4363
116995 62043
227122 49131
307452 36377
483634 61010
432955 39257
228412 25539
