40 99714
900576 198211
346407 142474
326637 92701
776294 108463
988622 124796
277586 167822
333656 10647
409147 33646
488346 44433
230563 154279
892143 66606
878921 91825
344250 113330
702673 130144
19239 36716
209683 94676
105065 40099
540393 192410
663254 106647
908582 182618
361948 158448
149517 157395
487220 90718
759878 130651
965113 120799
909561 184054
267931 20941
284675 119075
360852 5332
192736 95444
434142 67217
7580 25045
328777 50763
153536 93901
297520 96442
973805 144483
206459 96948
794470 125699
296660 72001
651812 24413
