40 77609
976242 79561
580434 78417
214696 78568
524586 111484
475506 95845
859252 7681
52305 135050
297702 114958
703090 85322
298785 69697
168372 52975
839759 92424
647071 135790
683272 34901
41264 115013
207967 96927
505863 8427
783498 17370
330779 2464
26558 43401
878324 38023
179334 54013
592941 121353
137623 122215
488395 39359
892102 3600
890888 60346
658655 84493
632253 59879
354294 75236
915328 151773
301734 63232
398047 118856
327614 76464
923267 143901
256953 141965
626705 89243
209112 11123
417372 137539
683328 43995
