40 29957
579459 14436
605966 27231
785269 10310
917357 38775
54003 36596
638685 39492
193238 30501
574032 28591
996646 23565
72347 10881
287570 30702
600495 37742
646981 10466
70676 35867
199627 21352
363079 46419
944447 39672
958575 21056
484134 6099
651237 44227
517411 41073
666586 41382
591511 25436
625718 21436
151083 7901
339397 4361
871733 32670
482362 42857
197832 18895
806564 21836
236267 15402
820597 61461
960877 50134
778894 11272
909475 26339
283054 18788
660154 38702
305207 59029
173532 44174
155157 8057
