40 63796
489291 116075
86997 44879
524499 79232
725349 40834
125717 5538
690953 43486
873082 32321
214534 53740
426184 6217
740214 16663
72636 19669
955041 80095
636758 4285
189807 4290
80206 31601
851404 9949
750258 81874
563424 74251
202595 110374
314676 64457
574764 81020
745999 63091
736210 34416
72374 37879
626128 89584
105494 118824
728236 49837
332868 4268
147917 113925
921123 13706
981450 44282
12111 20011
85254 147940
268531 50652
36268 24299
655455 65469
520007 66012
874134 105284
410620 16794
198246 71460
