40 33708
850830 35393
158698 12193
211360 27160
160920 45617
254371 45761
470203 43438
600477 59715
125698 10859
923185 14926
701999 64803
322750 28398
880581 29319
270198 20140
544395 45105
952676 21381
491498 63659
877971 61270
735928 381
405936 24237
793455 5059
643907 41233
565201 66884
644383 28941
290029 9844
878324 728
431694 63307
978589 14689
130001 17733
818212 21568
533378 50951
143548 56213
228789 33558
66944 27936
898509 26202
548145 64198
566962 41869
387094 22019
516385 20761
552627 63468
72343 56430
