40 60129
913705 32077
607366 4339
753181 55220
905700 37694
375555 16690
924328 44212
119720 110520
603493 107935
489744 26378
889462 68462
706003 97862
61897 33381
410051 27083
347883 20578
724430 39304
307661 113646
691864 5609
603787 62857
232612 110646
398638 20744
700883 115673
403225 61617
279016 36397
171265 41404
266351 39090
568956 74818
545523 75824
193094 79239
346117 54180
443517 14489
510568 115068
901308 29371
544426 109895
94293 90341
666717 43467
912591 114594
404316 100754
702955 113207
69182 110755
436269 2789
