40 57368
717979 33256
530351 110291
455962 90001
878417 37367
555627 114251
763931 20051
911222 95395
201212 54189
45603 25714
839985 20998
897530 109898
69193 1852
586715 62839
325805 95942
946555 45507
109859 49672
934504 51579
386291 47512
128856 35016
458972 68653
243962 107754
740028 108125
47108 53782
5480 112442
882835 87301
719232 61906
748424 92266
301815 107481
202705 23766
750858 96974
637589 43721
521758 4162
522450 90953
882783 82376
667506 92969
942985 88475
377879 54368
814127 75288
371516 14653
425553 59800
