40 35216
704521 69358
27017 60039
11064 59707
217146 59011
19289 69028
753915 7851
619061 47614
55659 8176
776300 44726
745426 14364
736772 32929
978345 68959
952218 51614
773187 49405
772259 4226
757703 35987
801147 55616
584286 28072
697123 31866
747878 23063
722168 50032
402804 45377
760231 18691
248802 17142
336675 46682
719263 13872
109528 26807
622582 57767
748049 60661
643647 20792
198175 22816
822197 13060
346037 64536
864044 18846
788368 48011
988747 58292
218102 24472
713048 29664
834321 12147
621416 37498
