40 95412
630525 133236
860297 43127
520212 9306
231316 96227
721055 79080
938959 166421
371724 81026
243354 144022
47006 137262
62005 11368
454172 4566
949614 31825
370938 110687
711648 72780
64842 139082
119168 127960
156466 183324
389316 79455
812564 62681
70105 116261
175199 180216
237333 131483
413784 77252
404767 44443
695851 77116
517123 25892
874196 148626
359720 53076
927923 173641
255352 85386
715832 83952
521314 70879
914634 71141
656663 162866
470480 47465
734590 96968
374499 129007
871296 149535
89807 23691
176578 4364
