40 46500
685502 64934
48659 17655
603026 314
464492 2703
459502 26009
855008 40134
789976 63976
566752 45266
957635 24784
305715 15323
730964 13568
869314 81622
828544 70898
487608 30776
882853 90246
310518 43212
69343 57376
424973 73545
888631 31049
89600 30113
734923 82271
538001 84655
663232 88236
578842 85795
505744 17261
657083 35604
155360 39296
137548 66532
171838 64213
278933 10462
631344 59207
696660 61726
122170 28754
46608 59961
152462 70002
391022 79397
229588 399
897484 93540
592507 77983
549814 29216
