40 96349
127225 46731
896178 67378
101221 47457
650861 49503
188855 93572
684756 151901
30839 156862
426428 111675
585116 132011
51098 126586
829972 137425
219291 42060
773583 95018
83160 147640
47234 6957
41418 114952
885006 108019
904922 105115
323905 86856
624186 93914
534214 58212
84081 173554
65210 47539
983990 33173
8331 120841
662020 21897
812515 89869
240253 75660
399569 78988
694029 161331
884462 19492
147592 25140
412087 66098
136705 139759
446439 66526
337118 89549
242628 555
937258 30967
125717 66247
757088 19922
