40 16572
773426 12530
698629 1946
283985 29635
670389 17570
871928 9004
98606 29329
394349 8533
315935 12418
3360 28057
942364 9956
934612 25213
861434 11163
494218 14325
8755 2913
608343 13427
812442 29468
914668 8004
203245 7983
493551 33129
47233 32252
659733 13654
361930 20683
332315 2487
359389 9079
67804 17395
112622 12734
619930 32505
370951 4824
283940 1222
880953 12118
703992 13577
740581 31894
242352 27187
145776 9254
221252 8587
585429 24469
433614 33084
272804 27025
915645 6729
569669 16402
