40 11715
700349 5076
195259 5237
263247 401
584960 6270
295929 3221
922752 6321
384482 13097
953088 7262
925282 57
919878 10081
681570 4286
595344 2931
252227 17878
532034 20780
492342 22072
140980 14271
316405 13881
52657 9925
207226 20605
341282 7285
648334 23168
619612 22096
349413 13216
124107 10049
607242 17307
827598 5096
798976 7781
527569 14570
904018 9251
686305 15213
666641 5395
581133 6878
967312 13884
320705 2587
607977 14633
771216 11763
336479 15035
584956 3057
113967 5201
635207 18316
