40 78272
98534 77996
750123 125123
134123 104609
127842 129644
500340 123728
832473 141765
425563 107318
362862 60611
326603 142009
785344 94204
906981 110951
551398 126022
519654 106909
95413 54635
684893 118652
959105 26258
914268 150948
144302 89005
840116 23461
501452 106601
22985 38107
374461 17587
539831 32563
856154 48566
249659 111705
115243 126287
705050 145430
942308 150748
161400 80078
89832 150323
694395 55846
123616 80813
677172 86679
906600 102198
892216 16061
533872 23898
816415 95945
756564 105288
718014 31762
584859 29071
