40 77607
560098 124610
807204 53933
274468 82026
541487 10517
650968 3002
872095 74123
239577 99917
708517 85417
535092 121568
352041 1833
146381 99349
519131 267517
446071 132663
641389 32112
433880 136924
260299 76290
34978 61513
785631 98946
590844 114420
133571 88671
860590 152198
737780 75023
935070 6794
506524 40175
824517 17623
144347 39371
422945 29963
568620 141954
595432 32403
635119 26040
650565 131156
686434 133990
450863 91521
171594 133025
449222 124528
941776 34287
997895 141373
82095 69595
103520 114240
198895 100106
