40 77195
104770 92330
759426 73913
490819 2135
581797 136414
55275 78273
10541 32338
434343 98474
168816 16930
560749 16578
869874 263080
887090 115593
255116 29277
930528 138353
110 8360
718650 74247
72359 97648
219212 81045
717799 30850
256358 77931
578308 129286
895758 110252
290858 59153
805760 153007
433666 145711
838743 119385
791593 56629
531868 143249
796272 67548
412868 33538
207970 16150
445162 2751
943209 28255
248696 100977
879998 27230
350071 45234
596183 61255
611356 115725
879571 58763
829167 114950
210852 97007
