40 13604
686891 6737
564038 15318
803658 7307
999168 7958
154202 1962
432322 24851
147023 6001
73034 14132
402203 7529
423066 25998
616450 2274
243812 4106
578054 4090
738476 3729
865631 26086
673557 7003
976460 14514
75785 12889
974978 26322
165720 10960
677862 12407
549033 5681
219107 24424
751378 10926
206199 7917
818890 17417
548881 10325
104140 17682
235212 21186
271860 11472
462412 27848
271900 10223
927989 26478
108604 2002
641404 23932
640372 22396
505779 14490
738288 6877
675731 3178
197696 6633
