40 68249
42451 2064
647469 3150
109675 102931
140184 121779
643588 62188
857461 118130
225711 39881
520787 7169
486732 106083
888824 91468
138591 115352
767017 39269
651352 89746
309653 130424
121356 54014
223669 106100
135644 15649
22415 59576
284768 117132
174427 89482
115074 30308
204411 27307
435357 64043
78992 100964
770684 32308
587471 52923
765030 45874
427578 52943
291799 14067
474700 124983
198105 4917
327517 47282
803083 63856
180014 21389
486437 101848
942832 12265
694008 76698
890549 117113
843155 64061
319854 11529
