40 11616
108787 10309
537808 16054
23757 158
424866 20742
137548 21647
937413 10995
211267 15355
910449 821
611810 11924
345432 11821
202522 5308
909004 13244
540563 20055
286671 19048
757435 22566
329575 11459
948817 10674
482758 7848
340957 22160
5228 12870
786113 693
742904 6788
215062 16153
417538 12023
75679 18408
222610 4214
737292 16961
441069 18368
513362 15156
99623 13602
794781 21810
360253 13103
687945 10204
63247 5887
752028 310
66721 20920
442292 22046
309166 14306
723010 12552
631106 16687
