40 90127
360257 93962
327630 56602
156981 81699
501426 37930
908895 115801
337609 72270
711551 87606
295693 14417
363473 19886
247950 117234
690218 153945
76661 173300
475325 53095
976997 142240
978997 159510
625415 64819
567802 86636
691811 73123
925957 3356
121645 39803
489133 77027
573204 4763
239211 120982
459479 37314
601890 131980
423417 173319
318855 85878
7383 51221
801025 109854
366634 109634
616800 77343
156737 108376
422142 148219
522917 47163
858135 92092
29757 156482
752519 66867
911752 57119
847468 47672
134318 25447
