40 71566
908702 114109
210760 117101
994250 54736
191123 34584
128734 73786
529423 72116
408685 78729
626778 52718
203710 104104
696785 13399
450672 71864
630730 17690
558024 105120
804301 41516
103459 86200
179648 73938
930163 85131
975812 24069
792997 88653
548565 55561
496857 11508
410940 133342
748588 44427
250627 110202
170461 116036
710365 131996
690952 58663
948981 66824
259675 104165
430002 75009
416871 116916
458092 134773
771796 116335
285715 121158
79381 62367
616308 121287
527414 140590
274435 21099
593908 20718
933507 124526
