40 38917
502901 53294
273990 65622
585671 1765
753650 50568
908463 75155
310339 39834
524452 21275
547791 29688
853168 39686
884296 59572
701543 13702
483886 47466
340483 1070
292833 36822
880732 51784
546770 4587
13046 3283
835188 38621
87002 22636
2196 75722
494951 74726
649032 41257
692744 64676
257536 36774
80374 62306
292355 6083
785253 46670
791624 72961
200100 32630
541938 23667
480024 51379
702038 56923
180846 61050
25687 31216
419084 11880
671304 24215
350499 77290
388398 25638
295545 63313
163056 69622
