40 75516
639032 113598
136273 136423
94069 86779
372888 41364
390271 1871
523706 103498
637339 124836
945699 113761
448917 7069
64595 112912
149319 64228
100047 21736
94173 80072
446197 116751
122519 112544
323759 113421
804333 6573
926103 112315
416049 44952
19301 105702
459441 81094
488863 31973
607182 74471
383946 100755
415980 65627
91611 11213
820517 72120
443436 150345
594941 93495
576805 130079
475720 124416
491787 67151
310029 44865
522793 55108
763798 46138
686054 110117
650717 123282
787129 98487
793848 60800
936615 52524
