40 32510
250687 42427
564612 49337
125682 54378
505939 25142
199415 27586
632701 28165
495373 7816
375718 14662
882460 63456
959285 27729
430234 54930
104323 63152
106140 64140
130466 38660
912733 1901
510682 33418
399232 7311
767902 25144
843064 36549
903012 6184
387125 60653
853169 35026
559680 33093
424587 39520
552563 36187
47968 1995
460394 8691
557440 18893
270039 25549
76861 43347
765038 2152
13342 6885
80705 56676
10857 31152
680737 29737
459211 60711
445188 29102
675162 24391
903825 25337
404360 35806
