40 48441
909046 94589
811537 47438
255256 117643
595665 22028
865432 25178
297655 22007
203095 54944
987168 35358
584578 45660
337496 10547
554133 94041
405618 65019
685073 96058
606465 44301
40111 30827
104437 62968
114643 4087
813496 73659
425109 24393
312106 54207
549480 17659
528568 58993
765784 83818
291467 28588
658273 81318
602717 35526
896092 81572
710449 82242
908128 37606
691722 89084
957468 79351
198916 12717
268459 14465
212885 66486
27778 76114
272570 90931
164037 42049
445635 71406
414234 68580
839056 41472
