40 56010
312753 90417
908055 37489
828952 51673
115673 22374
146432 35795
662963 79705
11802 109667
884709 110254
651111 17411
810031 120794
927309 6198
94320 6859
692221 101853
181738 10153
251043 33892
856147 83873
790124 100769
769282 49938
917976 86647
372439 98992
359228 89222
170326 87546
855904 40679
228595 36910
956699 5166
687700 73841
246623 15271
789936 8397
680370 73848
15725 33724
483712 44594
432119 31205
52772 56182
741371 33085
643191 10739
194683 5436
129782 58078
120977 45789
518802 98542
905881 77479
