40 92353
969578 9470
681637 79419
600652 88620
809504 181704
813817 15769
586067 135792
328384 12929
120592 89311
727159 36165
14238 108219
450899 55510
487273 119042
993480 149080
96769 35801
397666 118622
845401 138651
106325 174917
634437 167228
793515 71790
691189 15139
94939 47390
249502 184680
485508 112396
72530 137898
855885 40136
242839 182658
196195 132266
867694 153026
702195 92053
689032 8399
220694 114087
157636 100739
988045 119505
834928 49861
300981 50847
44603 124042
179155 92913
647574 93098
405207 126019
486798 21146
