40 6789
745306 10086
764227 3203
99594 7031
903304 2284
834358 10467
237570 6178
567067 7747
695996 7456
511011 7655
45787 10699
680216 4339
495375 2689
561298 4263
363941 8800
584026 10713
264164 8385
872935 12055
309407 721
472239 10438
394671 12139
517850 7177
192939 10464
480677 6689
941666 5755
237644 10476
855113 10141
773934 12584
198222 4266
913192 9580
328267 9302
159857 12714
190718 12042
624089 15640
839521 7442
322952 6688
915430 5825
912590 12619
795363 13126
882085 6532
389064 1893
