40 95128
774433 40609
972142 163466
729510 58627
327086 29763
301159 145015
250808 187470
916331 133957
226635 35529
987762 136574
967928 177728
570303 78573
478456 117067
879206 31916
603867 44081
527852 142323
662666 144279
488435 106823
422918 148918
455636 27438
815553 174684
819912 20089
263550 32912
202329 10559
480445 113001
289650 54082
561048 183606
413070 4278
700665 112772
10530 63240
62802 164924
670901 184178
587455 33761
910365 5390
257610 48555
161491 67240
278339 63003
994436 40163
838909 119817
782485 81555
671758 3257
