40 90114
29521 86851
552224 70583
138233 165109
165216 39849
661441 101037
744944 174695
974101 141569
323678 161430
333134 95374
624736 63825
92166 33827
406150 117999
994636 118735
468319 128339
791335 22788
116190 44184
41621 86411
434413 132634
400594 120772
134493 22513
238275 132169
661980 24937
968823 176273
177567 87563
574619 119915
156492 171733
688545 141126
909228 27012
844105 49910
229310 176225
421451 19318
303987 115833
212537 125997
102022 95234
271254 80223
187251 124435
719627 27479
589522 26795
956912 166704
792059 131129
