40 91241
284915 860
416699 137853
760796 13807
715494 34878
345288 24428
572363 115771
854088 3772
536175 174434
458572 40597
548627 174895
141359 105969
428912 93203
118108 121358
861247 151522
987745 162545
113329 14753
973054 163726
154879 107825
95291 14469
234910 65934
763326 86443
355575 53974
228834 137635
331477 179399
65820 172742
511856 19907
789238 73628
367606 115978
401992 63236
183548 65141
255527 48957
262642 86795
893661 139624
289602 155700
247473 15553
796636 327910
573946 171923
654198 170075
841691 34485
401885 80242
