40 97711
607423 192022
124063 168168
778015 131889
371766 58377
427342 123488
684540 181106
732124 120959
366014 1169
514922 113409
210771 120019
429803 41444
829344 46977
246278 81080
975530 143014
154933 144830
948521 28046
518929 73013
195123 112775
300080 12457
959072 5774
932046 7313
261220 93769
222130 30488
935795 147138
902442 51207
118084 120500
256354 214684
432370 68947
24756 133707
844911 141097
796032 169395
689378 120859
919810 111925
477992 13682
465317 94198
340269 172310
786697 20837
90747 86217
738362 3235
531217 153338
