40 41339
793801 31611
477865 48197
609832 7252
189150 46848
44010 70075
708084 33753
583582 41100
593495 46282
976689 44567
740434 12869
11651 1633
535364 12375
970745 22221
867099 63699
890862 75797
341082 2768
309813 15651
918014 28740
42065 71033
400161 4083
919476 68601
220909 42458
367418 71552
636733 59691
658839 61986
741448 75252
669351 72181
338261 28553
674925 20253
106737 54854
605815 47171
811784 73662
267226 5744
10926 35679
11675 49596
629556 8048
152409 35631
92600 4027
89263 63206
514272 74173
