40 68534
521137 103488
400573 25629
603862 117822
328820 121941
478106 51924
172147 94850
682695 7336
838276 1774
795259 17275
380549 45313
631135 115930
775033 75291
545804 91403
252093 81295
808461 45898
983106 82648
908177 45543
872119 135491
408773 3221
544331 40622
371804 87578
124299 15320
51173 14456
754756 56
40109 48891
196047 127963
739943 28867
115885 97458
956903 101081
376166 23359
809771 131002
384184 76895
292027 29615
411099 66400
427128 55661
469128 35357
295238 81676
472724 68866
590873 81617
617253 103370
