40 73304
250722 45895
575306 118378
344130 139468
212202 67839
808477 85081
589805 50146
345372 140463
8180 112296
53619 43134
115032 35980
994246 85325
441225 119672
713696 99833
834952 16013
214747 123117
831547 37551
750750 14345
482510 33666
115107 125758
281240 117965
564265 69370
891059 60697
804053 73798
591913 103670
519273 109232
876448 140407
572761 33967
819705 41291
919312 12943
351000 15032
303936 62835
580296 38743
177789 74823
197448 84236
192100 134610
293266 42337
589766 130484
822326 106425
276306 42242
594229 125427
