40 15694
93704 21045
421988 7792
765139 25527
867297 8121
269896 3297
833642 10903
96736 22409
476005 22228
574947 1171
685720 11978
772200 9632
939284 11298
482205 7070
820242 22132
564534 1853
580630 31167
715371 12976
701072 7860
181559 11671
209151 6575
834389 26719
999577 20714
438991 23201
348067 3372
576877 10510
83607 3281
779402 5155
758328 27562
231442 11284
763350 1248
955697 16876
955405 21751
195143 5396
10828 30660
257901 12357
815233 4555
805251 8067
551206 7310
816986 31639
833044 6777
