40 23573
493628 8796
995600 28086
497259 21957
306345 33305
190525 36682
272215 26029
740465 25821
226809 17868
876416 33838
515102 14123
525680 19197
80624 28888
427653 3049
683664 2448
185934 38334
741239 22844
614311 31655
39364 26722
943747 11677
705430 38186
830959 11523
196981 8415
809053 23630
451109 3471
950693 20875
878956 30821
321658 17859
542063 30999
628469 16383
585772 26508
952640 1503
341792 39351
236042 41628
403651 3971
412895 21477
198141 40493
231938 46456
881868 7381
59978 10523
83572 4499
