40 69708
25926 97828
670609 55275
728099 4982
236243 44180
841493 72004
342139 54343
152395 49976
739108 128566
426135 123751
416890 136481
4687 72392
529971 65271
485275 89307
442569 2162
862712 54169
425992 92337
748392 64619
351386 44018
916557 63574
526341 63920
518921 138375
732955 37493
487423 62458
133621 58499
106035 35493
274819 79099
822820 137334
829722 81124
961484 108701
418050 51906
373678 108612
529518 36543
432894 3984
385231 97980
508543 107650
565195 121610
978490 131472
877334 92116
570734 139377
392623 115284
