40 27207
687042 17256
462177 18888
170109 37442
638565 30668
847843 104
252673 53276
443163 10678
967386 25055
804108 26734
49160 42955
346978 20928
725003 50416
594882 15888
761271 43999
449838 4674
320381 20200
175266 20836
730380 33055
463341 28985
197182 6628
207981 16878
869607 31701
188507 6373
217396 22752
868458 29746
8116 32378
156310 49816
370023 45401
359429 17926
281543 29518
186061 14684
193503 47601
136285 32307
157305 36190
358702 31062
47401 13474
103772 22332
465864 35018
620723 30706
315824 30464
