40 80338
149297 157533
451470 109321
464592 4552
74161 90810
84207 72703
115782 22975
324532 127668
661757 119400
892532 102836
595005 57846
849804 67041
476058 111175
189134 35178
436786 132463
436270 13797
208100 37546
302772 131550
186239 93043
299837 75715
433729 146299
308719 149105
782134 76210
729583 89393
479982 53273
729692 139006
347748 62635
800754 123746
516697 142960
840254 25908
867638 95314
900233 22925
241927 136798
620193 53688
594188 86000
820773 63557
358585 45622
272249 88818
670261 160134
328442 61622
542405 117245
