40 42362
326274 39917
170299 62851
970308 7146
389383 54579
801729 52550
488042 64478
626218 40511
498039 24723
288386 45238
121454 31081
709669 70040
188380 71100
183004 82938
592991 67921
912928 48889
163794 33956
108170 23892
581556 20082
368151 67208
176673 27976
843083 19117
470505 54495
292423 9889
361833 44066
286361 14117
605969 75235
537231 9781
792113 56207
152526 6180
246085 52292
872358 24219
652507 16175
140205 60079
654717 66429
238826 68712
246189 61815
785493 33221
33451 44721
729492 5769
324993 27146
