40 56317
398544 68204
831153 92812
911802 58431
465376 92531
151375 76094
254458 74907
566339 67478
325700 26004
781760 102986
824435 9730
323162 39463
856374 6223
751238 40246
865833 71778
344486 94528
361090 47006
931564 33203
72377 511
573704 11572
289072 103509
914104 11626
356441 25802
961904 71324
426216 65701
901726 8998
628295 103169
613982 33366
284664 7208
354873 23122
150490 41042
631042 66860
175842 1519
794466 42516
624954 77144
827285 53897
964853 87710
191644 18317
957278 38169
171235 59950
413550 29704
