40 23566
736639 27845
158515 18074
970968 25051
709845 20460
732295 15545
125640 46578
76489 1938
315009 19144
691300 42964
199939 3574
143356 10542
835321 15438
967887 8234
334187 37101
844623 39376
996571 18901
986346 45507
34904 35406
155636 35050
777482 32306
548658 19618
83358 38326
694079 2332
381411 6759
137605 11675
521916 44928
730063 15022
431943 27096
46402 17022
978069 37842
496931 38755
664213 7228
450728 39340
10202 672
697481 25794
314449 3283
645366 46827
876331 17452
589018 26649
762196 4506
