40 97616
319617 140358
916841 70333
2667 60464
342534 19777
274189 11823
886590 64067
766789 179784
771756 135775
39781 137584
491206 54742
854596 104201
586185 7674
178593 68675
927648 159903
932808 88660
889457 120598
450778 124196
28450 168831
644804 91609
987281 4925
849039 111446
81405 7071
687753 121544
372169 54247
481570 151045
97291 96566
440726 103496
188379 103156
592870 6522
353642 174479
37371 76270
277365 64471
687220 177316
265780 137897
718228 35156
574163 24669
959099 147679
538428 132239
588526 52622
156402 145185
