40 28738
888785 26358
664052 4645
135120 36717
514958 17217
877745 3908
733532 20693
684128 22486
388706 45518
733982 18430
424863 50378
348517 256
305125 50794
756366 25478
740730 24445
600215 36652
953129 43295
287492 54548
513689 25035
266979 3059
337292 19547
687677 699
372353 9803
458292 47140
256260 14427
559537 44437
911064 12693
982844 41929
852162 5664
595185 13304
511869 6829
956399 13532
832976 18776
703183 48734
697697 35065
872150 4417
518072 22020
937454 35201
234202 16288
687317 19526
887216 22792
