40 10470
767456 6433
472278 11944
189197 3227
253153 3194
867843 2072
139177 2275
484348 4595
470289 10421
83127 10386
255169 16461
603250 16897
466309 5201
705636 6495
477184 13124
921802 9592
374661 1232
931656 14358
867076 12532
902406 10013
927097 14928
597031 16388
156771 20219
378118 6239
3225 522
842863 15370
801058 13231
333334 16337
718242 5911
64662 1779
386482 11301
233652 5534
8618 11272
54238 7656
900311 13846
774987 10485
473839 1979
492826 28063
868765 20648
924507 6696
228676 13549
