40 73439
554870 22022
49792 34242
680514 133497
817653 122662
392596 114966
708831 127766
867127 28029
916372 118563
754970 76922
905153 98481
311900 115231
32768 10496
558177 101468
341975 51874
497859 44148
664666 97626
327973 40376
83558 54948
538469 11035
328407 111322
14049 45599
209735 49579
721383 106938
971069 3198
959907 33763
49004 24891
123292 6446
981589 36836
206741 86771
372934 105481
163847 51522
135522 110391
38774 44029
273057 56781
140490 50266
711947 123351
904495 105695
496704 90241
327498 43498
345998 54941
