40 78555
453830 93363
62310 86094
56387 132163
38588 118865
775025 106017
447729 74113
372864 143421
687873 57401
201102 143041
740514 132104
326319 146342
442689 42509
234662 140800
923889 15707
295431 40827
225848 15130
811052 122734
33775 106194
289727 141309
220112 19804
542281 152827
183080 148355
915812 96013
399408 123802
405824 112080
578004 78934
600621 19956
59526 79933
290057 37090
990816 117583
968378 23704
895818 133624
377223 127009
110824 56024
6705 91456
617335 104261
890366 69373
483812 24441
966355 47903
321109 59317
