40 77532
652670 75473
464759 34185
545290 81591
444071 95512
368589 24559
504787 122331
552417 31530
830475 4337
140625 137125
178879 25269
234068 94480
581289 99488
373082 100470
755426 139240
69533 24764
303819 46465
116623 48798
200541 147
296111 171193
218470 66824
273707 39613
892758 113762
282572 88804
907047 144217
377264 46801
325175 30252
941716 71643
951651 151164
999676 154546
159254 77444
729445 59133
388530 23958
271692 112283
114202 61551
151570 155005
827275 26031
310281 140695
658275 79082
805208 148355
880826 40748
