40 67307
38495 30327
675933 12165
96343 17477
687780 106881
219558 6996
571680 37651
924517 38088
300024 19834
442937 130160
844849 57079
787087 11593
502314 35833
732888 28250
490111 6163
688141 114938
81250 7528
302876 14564
282477 109089
79409 102108
830871 179382
311544 123915
618266 105983
887449 18512
152589 128605
909315 45310
269634 80173
252985 116117
686292 28195
635130 128947
448194 41153
26283 83468
447888 37747
749815 95857
788571 55593
206103 53308
726309 9371
71226 71749
281344 21673
607434 12062
456586 29754
