40 48415
917607 83499
860043 19512
640635 29839
463076 79852
575934 55265
943765 86469
428998 41659
42514 31331
473611 46819
923933 30225
322932 83638
515212 90463
71199 19554
63170 28120
245088 65776
586226 44862
231538 27366
200906 50855
707561 13362
100672 49838
262710 61474
213454 58509
687886 81813
834677 92684
491765 54792
23347 77919
443825 21506
685416 52645
126097 50324
999716 78324
262653 4178
63053 4746
656203 79776
660376 60128
541502 40130
256291 52912
243425 511
606275 56342
503830 71826
949424 90134
