40 14447
100430 23742
746066 28876
681344 3081
148000 24545
771485 10161
200925 3231
645855 5535
890585 75
741520 27821
7965 24932
600713 6710
977654 9995
668209 1054
197776 26942
920646 4893
368020 7770
802597 15485
658884 20311
343514 25377
866139 5250
385099 21396
556561 26352
424973 21919
569726 25491
798907 13308
79523 3820
26595 25073
92506 24121
390745 4599
731054 7275
256429 9081
937183 27882
76878 7289
521360 4643
748683 12516
560176 28182
735126 15491
806465 20352
568608 4190
718803 2953
