40 86338
889883 62232
415565 160581
829588 30952
280745 36064
865530 27621
742049 121689
117542 129538
233047 121867
721321 62049
752656 120516
370117 21950
286252 35857
34509 43160
32182 79124
349610 172037
644940 57790
88906 142176
497951 37174
151374 163212
47128 136292
963796 52965
381049 162825
213063 159710
420025 58056
252333 164099
620201 8297
533072 97156
436774 138316
617929 3628
294046 26216
107254 103789
565873 49473
875604 109183
175061 40182
639911 106668
637245 88384
5577 149998
14689 134396
294041 4198
122597 44166
