40 54353
962690 63002
960126 44741
960749 28082
772488 47112
353179 77614
210436 33209
472657 35380
968034 17469
277330 87836
510628 62325
851052 2911
281108 102437
300902 31075
688 5794
319903 59636
131490 48204
34928 152542
96051 200
69604 21222
115929 52245
183143 27511
298974 29105
57696 2042
321993 22756
201739 51328
489218 95441
506848 8804
991316 76575
542608 5615
544445 16454
737432 17033
179156 3547
806972 784
760110 104862
216604 50952
413163 8768
793537 52234
679208 30741
236988 20401
467256 25600
