40 57086
634891 20746
224951 53268
840757 88973
512204 17336
64797 49677
521778 114084
935720 7187
207498 100221
237192 29846
904960 70041
994698 51144
855418 94157
634368 79198
920431 108386
341220 113864
177990 81787
355162 99003
412046 107438
152319 5452
320295 12602
321727 15899
685996 2626
856890 60825
400731 71642
219645 73641
972422 84198
780266 42409
581994 91435
306611 41108
133478 64365
690296 35081
855707 34284
803612 69434
896051 73076
983435 75579
485564 33426
34083 50049
922594 14343
690627 94039
577974 97933
